100 100
75 51 45 16 5 9 36 46 2 32 17 56 97 26 76 1 47 90 87 81 25 12 52 23 95 44 41 99 63 22 86 71 67 80 100 7 38 19 73 43 82 14 61 33 21 48 57 55 70 68 74 62 35 59 88 40 64 69 15 20 39 53 8 84 29 96 92 30 98 13 27 4 18 72 24 37 78 50 83 42 11 66 10 28 6 34 58 60 49 85 93 54 31 65 3 89 94 91 77 79 
31 83 26 62 92 21 28 55 76 41 34 94 15 96 58 44 67 56 82 60 7 45 13 24 23 36 93 77 54 42 5 17 52 59 25 35 90 98 99 50 39 97 65 2 64 20 12 85 33 80 49 22 57 48 43 38 16 88 19 75 100 8 27 63 29 51 3 53 72 74 70 79 68 95 14 66 47 91 71 37 11 40 87 18 4 81 86 78 32 46 9 84 1 73 30 10 69 61 89 6 
91 53 71 56 60 88 2 40 38 81 35 21 69 94 82 9 48 27 1 25 28 87 65 12 92 6 33 20 86 59 72 15 37 31 63 51 3 24 29 41 78 32 46 74 83 50 97 80 43 34 11 44 58 99 14 36 98 4 77 89 93 90 52 55 64 47 22 75 45 84 79 95 8 13 70 19 76 49 62 66 18 61 67 85 73 10 5 96 7 68 42 17 23 54 57 26 30 39 16 100 
100 29 68 43 61 33 46 94 70 72 44 16 55 41 35 4 24 37 25 36 88 85 66 47 27 17 77 97 38 7 19 6 11 54 12 8 14 34 23 22 92 80 96 5 42 65 53 40 69 31 49 30 82 50 74 84 20 62 71 87 48 98 15 3 89 95 75 81 26 39 9 52 76 78 58 90 83 93 1 56 63 28 57 60 86 67 59 10 99 13 51 64 45 73 2 21 91 18 79 32 
9 48 77 52 60 43 96 35 2 62 58 93 40 34 74 10 64 8 59 91 73 44 33 97 23 41 16 87 82 86 99 75 88 4 3 57 49 47 6 50 67 65 98 71 95 18 27 29 20 89 28 56 7 70 31 13 90 61 80 45 85 46 72 32 63 42 22 51 68 30 19 78 21 69 14 17 11 25 39 54 53 15 24 94 81 83 37 66 38 36 84 26 55 92 76 100 79 12 1 5 
26 62 12 39 10 54 89 50 56 44 73 17 11 55 88 91 69 98 33 28 96 6 85 18 34 68 27 52 79 95 4 24 41 77 14 57 82 65 2 99 46 58 32 53 66 93 23 86 31 47 61 25 80 20 97 63 45 7 38 29 100 19 1 72 13 92 51 64 5 35 78 74 40 67 84 21 30 3 37 42 70 94 49 48 8 81 36 90 83 87 43 15 22 60 9 59 75 16 71 76 
92 54 80 62 85 21 4 34 89 42 12 94 27 25 98 87 76 1 39 49 33 2 45 51 35 50 43 41 63 86 97 93 5 46 66 58 77 53 88 28 68 55 36 38 31 65 70 26 24 60 74 7 32 71 14 30 13 83 75 78 69 22 59 52 19 18 82 9 72 61 11 37 95 90 57 6 16 84 67 96 79 15 29 99 73 8 81 48 100 56 47 91 17 64 20 10 3 23 44 40 
16 60 85 18 87 8 7 20 6 64 3 27 98 2 55 56 96 81 45 17 86 4 43 83 48 19 59 75 89 69 76 78 95 57 39 90 68 42 38 30 41 33 88 28 58 29 26 32 52 5 93 100 91 31 77 21 67 22 37 99 34 15 92 66 65 70 74 12 84 14 80 40 62 54 51 1 50 73 46 63 94 44 49 79 13 10 71 97 25 35 36 61 72 24 11 47 23 53 9 82 
1 92 3 84 29 36 15 33 14 83 18 94 61 21 100 56 93 7 24 28 17 66 10 48 62 75 37 98 16 53 82 70 13 78 9 91 34 40 55 49 4 77 52 26 85 96 42 20 89 69 68 54 79 65 72 2 30 8 51 60 59 57 50 11 32 12 19 46 71 25 27 23 45 76 90 97 95 86 64 6 87 88 31 63 47 43 58 81 44 74 39 99 22 38 41 73 5 35 67 80 
9 45 94 58 65 52 64 19 87 67 91 4 7 60 50 35 27 46 92 72 98 63 31 82 12 95 22 74 39 32 1 54 43 6 62 21 89 20 66 44 30 88 25 38 69 23 28 41 97 34 51 36 75 40 16 61 68 47 17 14 13 24 42 93 33 11 57 59 77 84 8 48 15 71 79 100 49 37 2 80 56 70 55 53 85 78 86 73 18 26 96 81 29 10 83 3 76 99 90 5 
92 11 27 43 31 48 5 25 84 90 28 20 57 10 100 55 78 42 49 38 91 99 33 94 53 75 4 72 26 14 66 69 12 16 9 54 64 56 37 32 97 45 93 17 68 86 96 47 18 39 6 82 60 1 36 80 19 24 23 89 34 21 52 73 63 61 88 81 71 77 70 41 29 46 13 3 40 15 85 76 35 2 74 7 51 22 95 30 67 44 87 58 83 98 50 79 62 8 65 59 
49 74 67 83 62 69 91 11 73 39 38 54 68 97 88 28 82 61 59 47 37 17 95 65 80 52 8 2 72 7 36 18 23 6 57 79 26 22 70 96 34 99 35 40 16 56 33 58 27 15 92 14 77 10 13 45 51 43 84 48 63 46 81 3 78 94 24 100 60 9 19 21 90 5 29 66 64 42 20 44 89 53 25 4 98 41 50 32 85 12 71 76 86 1 75 87 31 30 93 55 
57 24 60 3 85 43 7 37 95 67 75 94 76 42 77 55 78 19 58 50 27 90 35 46 98 4 14 92 23 49 80 16 34 54 86 69 93 70 87 61 1 66 17 97 22 31 91 21 9 68 73 13 81 18 39 84 10 62 6 32 79 30 48 20 41 59 8 56 64 26 89 2 72 11 65 5 51 99 12 47 15 82 71 88 38 100 36 44 40 45 83 74 33 63 28 53 52 29 96 25 
84 44 96 43 57 85 27 13 80 75 34 62 28 77 18 69 83 48 94 12 6 36 41 71 97 58 25 10 35 19 20 88 49 5 55 15 53 32 2 60 66 70 31 7 81 39 40 22 47 87 21 68 1 100 65 95 29 16 42 8 99 9 74 23 56 92 93 3 24 17 52 54 79 11 45 61 64 26 51 37 50 89 90 91 14 33 86 73 67 59 38 4 78 46 76 72 98 82 63 30 
3 75 87 71 48 64 65 86 7 20 14 79 36 76 55 2 26 15 10 34 63 4 42 31 30 9 90 35 69 17 70 1 25 21 99 96 51 72 23 67 49 95 73 38 39 11 56 57 59 28 37 18 84 98 68 85 53 6 97 92 61 40 5 89 83 47 82 81 16 52 22 12 45 78 54 50 29 93 60 62 74 19 100 80 27 43 88 66 91 33 58 13 8 41 44 24 46 77 94 32 
19 38 64 45 25 94 69 52 50 75 6 60 74 81 61 40 73 91 10 9 65 7 54 32 8 21 80 77 56 18 78 58 13 68 89 82 87 35 36 83 4 97 14 90 22 34 85 41 42 98 88 11 44 96 66 47 79 59 71 62 46 5 23 28 29 3 53 17 33 27 76 43 72 55 1 92 12 57 30 15 95 24 26 39 16 37 31 99 67 93 2 48 51 20 70 84 49 100 86 63 
40 80 25 3 48 50 100 90 59 26 81 35 36 45 5 29 75 84 55 96 58 54 14 85 60 2 1 28 44 8 47 31 73 78 95 17 18 97 68 89 57 42 92 34 79 23 70 38 21 87 63 72 94 71 67 98 46 24 30 56 91 9 11 41 49 22 4 10 86 64 74 53 66 62 43 20 7 88 37 93 52 51 12 19 77 27 82 33 32 69 39 99 15 65 16 13 6 76 61 83 
24 65 94 48 7 69 87 61 35 32 73 75 39 76 25 80 60 70 1 86 98 41 45 36 28 97 37 68 84 93 81 42 40 12 18 89 26 21 74 2 59 31 95 4 15 22 57 50 20 23 64 78 34 56 47 67 6 63 30 53 100 10 79 49 44 62 43 88 72 16 17 13 19 58 9 83 38 55 51 14 96 46 52 27 90 85 33 11 8 82 91 66 3 71 99 77 92 5 29 54 
1 9 84 90 79 33 20 25 2 50 58 16 62 12 53 72 88 13 87 83 78 59 15 52 67 11 46 85 28 45 48 4 64 18 63 98 10 99 93 47 24 54 92 8 31 37 39 70 30 74 96 27 65 55 66 44 41 49 61 26 42 80 36 6 51 57 34 56 35 40 97 17 68 69 14 94 75 91 23 77 21 60 71 43 73 32 7 22 86 38 95 19 81 3 82 29 5 89 100 76 
12 88 69 50 29 43 77 30 100 51 22 46 6 9 67 66 13 65 21 58 94 41 84 52 1 44 78 99 11 25 55 83 75 39 57 85 98 74 70 72 4 90 34 45 19 87 23 64 79 10 47 14 80 37 61 20 2 68 36 59 35 18 49 96 3 53 26 73 86 60 89 54 71 31 38 81 40 28 16 95 42 27 93 56 8 48 32 97 24 82 5 76 62 91 33 63 17 15 7 92 
89 59 22 31 84 5 19 12 79 66 36 93 63 28 65 6 33 35 1 39 90 10 45 2 51 8 38 55 99 82 68 86 52 77 47 72 34 98 91 50 78 37 4 41 88 100 42 85 56 16 67 97 76 61 57 18 60 62 74 17 7 20 81 25 49 87 69 71 29 15 96 40 83 64 58 26 44 21 73 27 75 46 24 95 13 11 9 30 80 14 53 43 48 23 3 92 54 70 32 94 
74 35 98 44 18 94 89 83 60 32 86 99 49 22 30 75 16 14 66 84 70 93 26 46 33 52 59 67 72 40 20 1 41 56 68 17 77 25 57 82 8 51 38 48 71 63 50 78 10 96 91 28 53 80 90 7 88 31 79 13 9 85 54 97 5 6 37 45 55 58 39 47 76 4 2 100 11 34 29 24 3 64 23 61 95 62 69 65 12 81 36 87 73 42 21 27 43 92 19 15 
20 87 88 69 84 72 94 92 34 95 37 33 77 90 74 78 13 85 58 4 15 22 17 91 43 54 100 31 83 19 40 21 7 52 50 53 47 27 81 14 71 96 26 66 60 3 32 8 41 18 45 73 59 61 86 2 98 10 25 12 79 93 29 80 67 42 76 63 65 1 64 97 56 82 6 57 35 11 68 9 24 46 16 55 23 36 75 89 39 62 51 70 30 48 44 28 99 49 38 5 
41 24 85 13 79 5 69 76 46 4 47 56 21 62 9 98 27 8 23 16 2 66 60 86 93 77 89 58 52 34 59 70 11 22 6 20 78 10 37 64 80 3 40 65 36 71 63 35 31 92 68 55 51 49 83 87 61 30 91 95 7 72 82 88 42 44 53 17 90 57 18 26 94 33 81 67 14 50 43 25 39 97 54 74 84 99 32 75 1 73 15 48 38 12 100 45 28 19 29 96 
86 18 82 83 58 90 33 28 22 42 10 93 98 5 79 96 76 71 34 11 6 24 31 19 47 55 84 57 97 37 36 4 73 1 51 26 45 62 53 48 80 23 49 92 25 89 27 2 75 72 30 8 15 61 87 95 77 29 3 9 46 32 41 39 44 56 16 12 50 60 67 85 78 88 59 68 17 81 38 91 35 69 66 40 13 43 21 20 100 94 99 63 70 14 7 74 54 64 52 65 
75 6 65 61 5 59 44 63 14 94 32 58 81 27 35 89 72 10 77 64 86 45 90 15 68 76 46 47 50 69 88 36 92 48 99 41 79 91 21 2 43 54 29 60 8 52 93 82 87 19 95 83 18 62 34 98 7 25 78 33 4 53 3 22 49 1 13 55 66 39 67 42 57 100 80 84 17 74 71 37 16 26 40 20 96 51 12 56 97 73 38 28 23 24 70 30 31 9 85 11 
19 98 95 54 49 34 75 80 67 9 72 28 35 5 71 8 48 21 25 73 56 47 93 61 2 17 86 36 1 62 27 76 29 22 66 38 39 23 82 88 3 52 10 96 4 100 85 51 99 18 20 42 74 68 65 97 45 70 57 50 32 26 79 43 63 24 58 90 92 37 87 77 94 89 33 31 7 15 11 6 78 30 81 41 60 83 91 59 14 55 12 46 16 44 64 40 53 84 69 13 
13 91 70 61 18 43 97 53 60 39 74 20 5 81 25 59 69 2 56 64 92 24 55 67 80 46 36 16 45 52 26 40 7 68 57 96 38 87 95 83 32 78 35 10 98 63 90 94 72 49 8 19 15 41 58 84 88 71 48 66 77 1 21 27 79 85 50 11 54 75 44 65 47 62 73 17 100 82 4 89 86 93 9 14 30 3 6 28 33 42 12 22 99 76 51 37 34 31 29 23 
15 46 55 20 24 51 48 45 75 86 83 92 5 85 21 58 96 33 67 37 28 100 39 18 6 82 40 26 68 76 59 60 63 50 66 52 87 94 81 25 11 23 38 64 95 71 36 27 44 29 22 88 79 17 77 8 65 10 4 31 57 69 99 3 90 97 49 35 43 62 30 84 16 53 7 78 13 1 42 12 47 56 19 2 93 61 14 73 98 80 41 72 54 89 70 32 91 9 34 74 
56 96 69 59 8 42 65 48 58 16 100 24 29 94 97 55 75 32 95 72 57 66 79 61 27 90 51 39 88 1 38 82 74 73 77 12 30 54 98 19 52 85 78 89 34 41 68 26 3 64 20 23 62 45 5 21 71 33 15 43 11 4 37 80 47 76 35 17 67 10 31 92 60 87 81 28 63 84 53 2 50 13 40 22 93 91 14 99 7 44 49 18 70 36 46 6 9 25 86 83 
2 44 93 49 99 87 32 77 43 53 25 96 73 97 61 86 15 23 70 48 6 31 74 58 92 41 72 52 7 3 65 83 57 33 66 37 22 67 56 39 12 13 36 16 27 14 81 8 71 85 30 69 84 38 95 55 29 46 60 21 40 35 19 62 98 28 64 17 76 79 1 11 59 89 9 68 51 100 45 10 47 91 18 54 82 50 24 42 63 88 5 94 78 75 34 4 80 20 90 26 
64 89 94 69 97 1 57 79 81 83 56 41 71 73 68 32 17 62 77 67 54 31 93 55 38 29 37 98 50 70 95 74 18 63 19 28 2 65 40 46 78 9 24 84 47 39 36 7 23 52 66 61 85 88 6 75 100 25 35 82 5 43 4 13 76 91 33 90 27 8 58 96 30 49 15 42 92 22 59 12 11 3 51 86 14 48 72 20 53 34 99 26 60 16 10 80 44 21 45 87 
24 48 66 100 70 61 72 75 13 85 79 57 55 74 63 40 53 93 43 64 73 42 32 49 46 71 69 77 62 3 22 45 90 36 78 58 88 16 39 14 98 59 33 5 15 26 68 91 54 65 27 89 19 18 94 81 95 99 52 6 97 23 44 92 29 84 28 82 96 35 11 56 41 17 37 60 2 86 4 12 8 50 76 9 31 47 38 10 25 1 83 67 51 7 34 30 80 87 21 20 
12 2 14 8 3 82 50 48 54 99 79 97 71 90 30 42 43 55 56 94 16 36 51 29 47 67 69 66 65 89 46 58 98 13 63 5 96 37 93 45 91 35 38 62 4 26 92 60 28 11 49 100 76 44 40 32 34 7 17 73 23 61 21 86 77 20 18 64 10 75 25 68 74 41 9 87 24 52 15 70 88 85 31 72 6 80 39 1 19 78 83 59 81 84 57 95 22 53 33 27 
36 85 30 1 88 5 4 35 95 15 73 72 55 68 100 77 10 2 54 49 59 34 62 41 13 98 61 76 16 18 91 22 92 40 9 84 87 24 19 64 14 6 70 81 11 25 7 94 39 69 97 79 17 3 74 26 82 21 86 38 93 65 23 29 32 56 53 8 52 58 45 47 28 63 67 96 75 57 46 33 89 12 50 51 80 90 44 20 48 37 78 66 71 83 42 27 31 99 60 43 
93 48 59 28 30 33 25 62 42 70 35 16 82 80 87 12 53 10 41 69 27 89 45 6 3 94 38 68 75 60 31 98 24 84 83 65 99 46 63 100 78 36 5 20 44 8 14 34 1 54 64 96 92 32 51 21 19 7 77 97 47 67 52 79 43 73 39 86 85 58 4 23 90 40 72 50 91 95 57 26 81 55 13 56 18 61 76 11 9 22 29 49 66 37 74 17 15 2 71 88 
25 76 52 61 12 6 93 72 41 26 55 38 24 18 67 40 49 34 5 84 31 65 37 87 21 69 58 82 23 2 75 53 99 60 98 54 91 9 14 90 17 48 4 70 43 59 78 10 68 51 35 28 81 100 79 39 73 50 13 19 42 3 85 15 64 30 96 29 33 27 47 74 89 20 8 86 57 80 95 36 71 62 63 83 46 44 56 16 11 97 22 77 7 45 92 32 94 66 88 1 
87 39 20 81 98 24 23 85 56 62 63 4 29 19 70 75 5 8 79 11 52 78 16 74 91 44 93 33 28 3 51 58 26 13 73 10 45 7 99 72 31 57 34 68 27 9 36 32 69 30 25 83 61 97 100 35 53 84 38 15 40 66 59 92 88 96 67 22 43 12 54 49 18 71 86 17 37 50 65 80 82 42 90 6 76 41 21 2 94 55 77 14 48 95 60 64 89 46 1 47 
92 30 85 51 48 46 37 63 29 15 83 20 69 16 77 100 75 10 89 56 79 43 27 38 2 84 50 35 86 71 81 94 65 1 19 57 91 33 61 72 60 40 22 98 9 93 66 42 4 23 70 54 14 17 7 13 97 41 8 25 36 3 99 80 34 5 82 6 73 49 26 64 44 45 31 28 78 18 96 62 74 67 52 47 76 11 21 88 90 24 87 12 53 39 55 59 95 68 32 58 
29 57 81 28 4 8 26 2 41 84 50 56 59 100 74 77 89 60 85 47 61 25 51 87 35 53 37 15 21 1 70 9 42 7 67 63 17 38 49 36 5 88 69 27 93 78 44 82 96 71 52 86 91 11 20 6 18 79 99 13 64 30 95 33 90 80 66 39 3 40 97 43 98 72 75 19 34 24 83 32 31 14 62 45 46 76 65 16 48 58 23 10 22 68 73 54 94 12 55 92 
21 6 46 4 66 84 19 16 41 85 62 32 64 9 29 79 76 67 28 97 20 99 63 91 58 49 88 14 36 87 17 2 24 92 15 12 22 100 53 27 55 43 35 48 54 10 81 83 47 34 3 78 38 37 61 73 70 42 1 98 11 57 96 7 93 69 50 39 60 65 89 68 8 59 82 44 90 86 30 40 51 5 77 31 72 94 56 45 75 23 52 18 33 71 74 26 80 13 95 25 
65 86 78 87 54 84 89 88 35 37 20 30 98 71 15 83 28 4 59 74 26 56 60 93 33 95 67 46 90 18 1 29 96 44 25 68 17 58 75 22 79 73 9 10 36 76 53 19 5 23 14 82 32 27 16 70 64 8 100 13 42 38 12 41 80 39 52 72 21 11 31 99 7 69 34 97 66 51 94 2 45 50 47 92 62 57 55 6 81 24 63 91 3 77 43 61 48 49 85 40 
3 55 10 71 61 52 1 29 18 78 77 17 57 62 39 91 59 44 64 34 8 69 4 11 40 95 5 37 56 80 46 19 99 38 43 26 36 63 60 41 93 9 86 66 73 16 25 100 12 83 27 23 35 75 48 21 76 58 20 51 50 2 90 68 88 98 49 53 74 70 94 30 24 72 28 13 89 79 31 6 32 15 81 92 97 96 65 14 87 85 84 42 54 33 82 22 67 7 47 45 
63 51 33 12 97 10 87 80 91 90 76 60 95 85 5 79 65 42 18 77 20 7 16 44 66 35 53 32 40 82 50 47 84 13 94 93 9 92 52 2 48 21 72 88 49 74 58 96 46 61 38 70 83 36 15 64 54 73 31 55 1 3 75 69 81 45 98 100 23 34 59 67 11 99 86 6 78 24 30 17 25 56 22 62 37 28 4 29 19 8 41 89 57 26 71 39 43 68 27 14 
41 18 89 40 82 9 59 66 8 70 68 83 54 42 10 46 60 39 99 7 17 91 33 100 49 47 53 34 4 96 77 12 15 63 38 79 35 81 37 45 5 11 30 22 61 29 95 84 62 67 20 31 58 69 16 44 71 92 80 28 25 76 14 26 74 98 97 57 24 85 27 32 6 48 75 36 19 3 21 55 13 94 50 43 90 78 56 1 86 73 2 23 72 87 64 52 51 93 88 65 
24 66 46 3 56 76 54 89 85 78 95 64 16 81 69 68 62 41 28 86 19 22 93 13 58 63 65 6 91 23 27 75 70 29 35 38 71 45 61 55 52 97 51 15 57 37 12 2 1 88 17 77 32 43 72 39 99 73 67 47 10 59 36 74 48 50 25 33 5 14 11 82 84 42 49 60 21 7 34 96 80 94 40 26 44 30 90 20 18 79 9 98 100 8 87 31 53 92 4 83 
84 78 65 96 2 32 86 61 17 85 27 36 74 55 73 97 99 53 76 49 54 42 62 22 29 60 80 3 31 64 70 87 93 68 24 10 14 91 33 4 5 21 72 47 12 20 15 30 46 88 38 94 7 44 83 95 18 59 23 26 79 40 50 98 52 66 92 41 51 69 6 25 16 48 67 37 34 11 1 13 77 56 100 39 90 81 75 71 57 9 19 28 8 43 58 82 45 35 89 63 
82 86 56 13 93 90 99 79 54 59 11 26 29 50 34 76 39 57 15 42 18 43 98 68 78 49 62 48 47 85 67 97 37 19 80 52 3 20 44 35 92 55 27 66 77 17 100 91 40 51 73 74 87 9 10 30 58 23 24 83 28 22 41 94 32 65 5 95 72 45 8 16 70 71 89 75 63 36 81 12 25 21 84 64 33 2 60 6 61 96 46 4 38 1 53 88 14 7 69 31 
94 8 5 37 3 88 10 30 32 17 95 66 59 34 53 7 93 33 6 96 56 97 51 92 69 54 79 61 1 76 27 89 9 47 22 46 14 21 78 60 44 39 77 55 80 99 62 64 83 90 45 57 16 72 2 82 40 43 23 12 29 58 41 68 74 42 48 71 4 35 38 91 26 75 65 18 73 81 24 52 100 49 63 11 19 70 25 31 86 20 84 98 28 50 87 85 36 13 15 67 
13 74 89 57 32 6 30 58 38 19 33 64 55 94 85 25 61 65 9 53 27 73 36 10 78 18 97 20 34 40 3 17 84 83 68 16 14 47 100 28 90 56 69 15 75 46 12 71 52 21 72 50 96 59 45 8 99 43 41 49 22 51 2 5 80 60 79 98 62 29 87 93 88 39 76 86 66 23 37 81 91 82 63 4 11 42 7 70 26 92 67 24 48 44 1 54 35 77 31 95 
28 85 76 77 92 54 3 97 91 47 81 2 42 11 48 6 35 49 59 16 75 61 79 10 12 52 20 69 74 83 32 66 9 94 95 23 7 68 43 17 90 41 71 24 88 19 63 46 40 67 57 78 4 80 34 58 1 73 15 21 14 18 53 62 38 56 13 86 29 51 30 70 89 22 44 84 98 50 8 31 27 5 100 37 82 26 96 99 65 93 36 45 72 39 60 87 25 33 64 55 
33 100 79 84 53 6 55 69 95 23 19 98 70 38 12 86 14 50 68 75 57 65 40 31 8 32 60 77 52 99 76 92 85 34 61 44 25 56 88 71 41 89 83 80 27 26 43 45 78 42 81 96 18 62 11 74 90 30 47 29 1 64 24 94 16 4 35 21 7 3 20 5 2 72 49 10 37 91 9 59 54 48 58 97 36 17 39 82 51 46 67 87 15 22 66 93 13 73 28 63 
2 6 98 30 21 42 54 50 46 36 95 86 37 87 92 64 71 85 31 3 47 17 51 49 57 5 67 35 33 44 70 55 32 16 48 13 100 26 25 14 84 58 12 1 9 75 91 66 45 52 8 96 10 69 68 39 76 60 63 89 40 43 99 94 29 97 78 59 56 19 82 83 7 74 20 38 27 62 53 73 93 28 11 81 65 22 90 23 80 88 34 4 15 24 18 79 72 61 77 41 
88 91 41 90 78 32 34 24 95 99 77 54 76 52 43 11 63 72 39 83 61 44 8 89 48 9 3 93 27 29 5 69 13 19 55 10 25 65 42 58 60 68 53 38 12 81 15 62 4 50 40 45 73 18 87 2 17 57 33 94 96 14 16 47 36 23 26 21 79 56 98 46 84 37 6 71 75 66 97 59 20 85 31 74 92 49 80 1 86 82 28 30 7 70 64 100 67 51 35 22 
40 54 95 62 19 64 22 3 77 26 87 11 21 7 78 55 98 8 6 52 23 93 1 59 5 29 35 10 82 66 67 20 38 31 27 39 18 36 57 75 15 43 92 61 96 84 97 56 37 50 65 74 81 17 45 60 73 94 83 51 47 76 100 16 4 32 91 42 79 89 99 41 63 2 28 33 80 53 9 68 58 72 48 90 88 70 86 30 12 46 71 85 24 44 25 34 69 49 14 13 
69 40 34 9 79 56 19 91 3 53 85 22 100 93 36 13 32 44 2 4 73 28 55 46 96 30 72 54 68 41 71 80 99 10 8 24 57 94 98 35 37 50 83 42 14 23 97 60 43 88 29 45 66 67 1 25 31 52 89 5 82 92 47 38 77 62 75 26 87 63 70 58 7 15 6 81 27 95 20 11 59 51 49 16 39 84 78 61 12 33 65 74 17 90 18 48 76 86 21 64 
14 83 29 49 46 77 57 2 39 67 55 44 89 25 74 3 13 12 63 7 59 43 34 91 82 69 81 35 4 85 52 40 45 21 80 18 76 64 92 95 5 37 68 94 47 19 38 98 1 96 66 27 71 9 32 75 50 53 28 20 24 17 42 10 70 90 61 16 78 51 23 65 22 11 15 8 100 87 41 86 88 33 84 93 48 6 60 54 72 31 58 97 56 79 99 62 73 26 30 36 
5 69 95 36 35 1 57 81 94 22 2 61 82 68 21 63 42 83 32 31 78 86 85 45 75 12 65 34 17 99 20 67 43 91 6 39 97 74 30 19 56 47 37 29 13 11 62 9 28 92 88 76 50 26 38 59 72 70 54 24 15 53 73 41 79 98 51 25 55 84 23 49 80 44 100 90 4 87 7 64 89 48 3 60 27 77 14 93 52 8 16 66 71 46 18 58 40 10 33 96 
19 79 100 26 86 61 4 24 70 98 27 90 64 54 42 55 25 89 34 50 45 51 23 63 32 71 60 41 2 39 46 87 58 73 48 66 11 44 14 65 3 83 62 94 22 33 52 13 80 40 28 59 16 82 37 92 29 53 88 15 81 30 5 78 18 36 21 69 96 68 76 1 85 75 57 43 7 72 10 84 38 95 6 56 93 12 74 31 17 77 35 99 67 97 20 91 47 9 8 49 
13 14 91 36 97 80 100 44 7 29 26 23 70 30 43 52 46 77 45 90 83 79 98 12 74 67 62 59 8 11 15 21 28 93 10 64 88 86 41 89 78 60 57 4 48 16 87 34 40 33 5 53 61 76 50 75 73 37 3 25 27 20 51 54 58 17 96 95 47 6 81 2 92 39 22 55 18 99 38 1 69 84 9 32 85 49 42 82 56 68 94 19 31 71 35 72 66 63 65 24 
93 87 94 44 86 62 97 64 82 37 99 36 27 23 5 16 92 91 53 89 22 90 46 47 74 28 18 72 85 25 29 2 30 19 17 50 65 15 10 8 77 63 83 98 67 58 31 100 40 34 45 70 6 49 24 12 84 20 73 3 38 71 78 41 42 13 96 35 43 39 59 81 55 79 69 80 33 95 1 14 4 54 52 51 9 66 57 61 88 56 32 21 48 26 7 11 60 76 68 75 
81 33 91 50 76 12 9 20 3 93 39 77 94 41 79 70 45 4 43 51 2 64 11 36 7 6 22 28 40 30 57 49 85 26 88 8 21 86 62 61 53 1 14 55 58 74 67 17 100 37 97 71 42 19 13 63 38 73 72 82 32 5 23 78 46 60 89 35 90 80 59 52 34 54 69 65 31 27 44 48 16 95 29 84 24 99 68 98 18 15 92 75 47 83 56 25 10 87 96 66 
11 24 76 4 100 32 16 2 38 92 95 91 41 35 70 42 29 66 43 21 67 68 65 28 18 58 40 34 44 78 62 97 90 86 46 89 57 53 80 39 64 79 75 71 36 82 5 84 37 3 1 98 96 45 56 49 14 61 55 99 93 9 72 50 81 69 60 7 26 63 31 8 51 17 10 73 12 20 77 6 13 87 54 22 94 48 25 30 19 85 47 23 27 15 59 33 88 83 52 74 
27 30 37 43 96 46 72 74 58 63 48 81 6 49 42 95 24 8 83 33 79 3 41 1 44 52 61 82 93 21 7 78 11 85 70 9 75 89 13 100 39 38 10 68 45 99 90 91 56 17 86 65 84 28 5 67 98 19 53 51 77 71 12 57 22 23 26 62 64 16 59 2 35 87 94 15 76 97 34 47 50 92 55 18 14 69 31 25 66 54 4 80 20 40 88 32 29 36 60 73 
47 96 32 67 62 57 25 39 89 6 46 24 9 48 76 14 84 60 82 65 88 51 97 22 44 37 92 36 90 13 18 3 49 27 7 19 10 4 95 12 68 17 54 75 5 15 23 28 26 30 29 45 16 66 40 94 34 33 41 64 35 93 53 69 100 73 50 8 2 98 99 52 80 81 70 20 87 61 86 79 91 59 63 78 74 55 56 72 85 77 83 31 71 58 11 43 21 38 1 42 
26 50 36 51 46 95 68 30 40 20 48 47 71 97 18 90 99 85 21 93 49 6 9 42 22 63 88 72 29 57 55 27 62 7 19 91 82 4 69 1 67 32 80 25 12 61 65 92 74 23 2 10 13 75 35 41 79 14 86 17 78 11 38 100 43 64 52 44 45 60 83 94 5 24 34 70 98 54 8 53 66 73 76 58 15 3 37 87 59 56 39 16 28 77 89 81 84 31 96 33 
10 85 13 21 64 23 63 77 47 62 31 15 29 70 12 34 65 37 89 84 5 14 46 38 7 20 98 80 71 92 55 99 45 73 54 44 61 67 82 1 26 30 17 60 66 50 83 51 76 32 48 27 49 87 91 75 81 100 33 36 43 57 53 40 18 22 97 25 56 11 79 24 42 58 4 52 86 9 94 72 28 96 78 95 90 68 93 74 69 88 19 39 6 8 16 59 35 3 41 2 
37 32 62 28 70 65 78 57 89 13 45 3 75 22 63 93 91 76 74 48 44 95 87 71 39 98 66 49 19 5 38 51 34 4 11 23 77 85 88 42 25 55 7 60 92 61 31 54 18 52 64 79 72 1 69 67 43 90 100 29 33 30 2 73 58 35 24 17 16 12 41 94 56 46 9 96 83 10 50 14 59 84 40 81 27 20 80 82 68 21 15 36 99 26 53 8 86 47 97 6 
74 9 90 72 13 83 24 81 19 31 60 73 45 76 93 34 100 96 97 12 66 29 44 17 15 39 14 62 47 3 61 54 86 52 80 56 78 35 33 92 30 67 64 11 85 49 99 8 23 10 87 40 82 20 68 88 91 70 79 26 50 48 89 41 51 21 53 1 2 32 94 71 7 22 43 65 16 37 98 57 84 46 18 38 4 25 58 36 77 55 6 59 28 27 75 63 5 95 69 42 
69 22 75 17 35 66 44 93 42 86 90 96 10 81 76 62 16 9 78 7 28 52 100 65 55 57 37 18 45 48 47 54 64 85 83 23 99 67 24 29 39 68 97 27 38 92 61 72 73 34 88 32 89 31 46 8 40 95 82 1 19 49 4 13 3 50 33 2 63 56 70 94 25 59 43 6 20 71 87 30 60 11 36 53 14 74 51 15 79 91 77 58 12 41 26 84 21 98 5 80 
52 36 86 15 77 5 33 64 19 48 14 51 58 42 90 30 3 6 1 8 34 62 20 88 82 70 91 21 18 12 24 45 74 72 69 96 98 49 81 50 4 28 68 92 79 66 84 78 17 73 71 47 99 46 80 39 16 63 43 54 95 32 75 67 83 10 60 53 38 87 35 29 2 85 7 55 26 37 76 41 27 40 59 61 23 94 56 13 44 57 25 93 65 89 100 22 9 11 31 97 
93 60 18 47 87 44 32 75 13 55 61 40 84 38 12 79 68 46 25 85 67 41 39 16 54 48 27 15 6 36 80 53 11 74 45 69 97 14 62 58 7 31 59 96 70 88 95 43 56 49 21 90 94 22 77 92 35 52 29 23 42 10 71 99 37 5 66 91 2 57 98 30 51 26 86 20 33 34 65 73 81 28 4 17 100 89 82 78 63 8 72 24 50 64 3 9 1 19 83 76 
22 40 34 28 82 38 59 44 55 90 93 27 70 86 11 30 46 8 14 6 80 26 85 5 71 94 92 19 49 24 97 3 63 69 35 58 20 37 96 50 64 74 48 79 17 56 21 33 4 25 43 65 87 10 13 36 66 54 95 41 7 88 52 62 76 53 68 9 57 2 42 47 75 51 72 31 16 98 61 81 84 1 83 99 29 73 60 32 67 89 39 100 15 77 12 78 45 18 91 23 
69 86 26 27 11 42 33 13 51 29 37 98 59 52 46 30 55 64 74 53 62 36 22 28 2 35 12 49 1 93 65 14 38 58 83 7 82 73 17 77 39 25 50 76 71 32 84 6 88 48 91 41 16 3 72 87 66 10 56 97 44 70 8 57 99 94 95 92 78 89 85 45 4 100 23 60 96 24 54 34 21 43 75 18 40 68 19 47 63 81 67 31 80 20 79 61 90 9 5 15 
12 65 82 24 1 6 47 60 46 28 75 57 69 38 7 90 85 37 36 15 10 87 72 86 41 79 98 99 13 95 33 76 92 53 59 16 97 80 44 5 64 52 58 50 26 78 94 48 14 40 25 43 29 2 32 21 54 91 30 74 68 17 100 84 8 9 66 55 70 71 93 62 4 51 35 11 96 67 42 83 3 89 27 56 39 22 49 81 31 19 20 73 18 34 88 77 63 45 23 61 
26 48 10 55 21 94 80 96 92 88 28 12 49 16 58 29 97 50 62 51 78 77 7 82 74 17 6 54 45 53 44 22 87 23 67 72 89 73 100 38 61 70 3 56 91 27 57 79 99 5 42 40 1 35 43 13 33 19 4 41 34 36 20 81 11 63 95 30 71 65 83 15 31 25 69 32 66 85 98 52 75 86 14 47 9 46 8 93 18 90 37 64 24 60 76 2 84 39 59 68 
70 21 7 15 28 90 49 32 54 37 48 10 100 26 58 2 57 39 44 13 76 4 20 69 67 99 87 95 86 89 8 84 60 53 46 85 23 77 61 55 33 36 45 71 47 50 6 43 40 29 75 41 92 82 62 81 74 9 91 63 66 18 88 25 14 56 38 12 65 80 72 73 16 93 64 97 96 19 11 52 34 3 31 79 30 94 22 68 59 24 78 98 42 51 35 27 17 5 1 83 
51 18 10 73 84 22 44 56 63 99 36 19 17 20 15 65 48 69 23 67 11 13 39 85 61 31 37 53 70 68 72 83 62 54 45 92 57 58 89 93 96 80 2 42 46 27 14 7 90 40 28 38 50 35 25 1 66 8 60 33 34 81 16 75 12 21 97 41 5 24 29 74 79 59 64 76 49 26 100 91 86 52 30 77 82 6 43 47 87 32 55 3 78 9 71 98 94 95 88 4 
46 53 7 76 75 20 19 77 83 40 5 15 26 47 58 55 17 60 41 85 65 63 48 91 51 86 45 35 69 27 33 96 61 80 90 37 42 49 28 4 84 71 11 34 25 21 29 39 38 1 24 32 94 100 10 56 97 6 16 68 88 8 3 64 43 93 73 50 99 87 36 81 23 54 78 79 9 74 13 2 62 22 92 59 14 66 70 89 57 82 30 95 98 12 18 67 72 31 44 52 
92 80 61 65 7 16 67 50 90 45 79 30 32 72 86 71 62 87 4 34 10 57 5 2 1 24 17 68 91 60 70 93 21 3 94 19 96 51 31 8 99 97 11 69 33 78 29 89 98 9 46 37 100 44 48 58 55 25 63 85 77 42 56 13 43 27 20 53 95 88 41 35 54 81 83 59 52 39 12 22 14 6 26 47 75 82 66 40 74 73 28 15 23 84 18 49 76 64 36 38 
77 29 46 1 52 28 19 6 4 85 56 54 22 31 92 27 55 72 60 51 12 64 10 41 34 78 39 35 84 74 8 11 42 88 13 82 97 68 70 48 57 61 20 17 32 79 67 26 53 58 37 98 33 75 100 38 86 50 23 96 71 45 36 65 59 2 16 76 73 87 81 30 83 62 49 44 99 24 63 40 89 91 95 9 25 21 47 14 93 18 94 43 7 66 69 5 15 90 3 80 
66 26 47 22 2 20 23 94 36 61 83 85 56 51 97 8 48 77 32 90 5 42 10 9 18 21 67 3 31 29 71 38 52 57 99 87 89 11 14 24 82 41 73 55 79 59 44 80 76 98 13 72 88 86 93 45 40 53 12 68 81 70 62 65 7 34 25 49 1 78 35 96 27 6 75 39 95 37 17 33 50 30 92 60 16 69 46 91 54 43 19 64 84 4 63 58 100 74 15 28 
76 92 62 77 15 87 10 65 79 86 42 100 35 93 54 24 72 2 91 74 81 96 82 84 18 41 57 67 16 51 56 90 64 98 7 4 47 25 49 94 66 46 61 52 28 12 21 3 71 44 20 55 89 5 19 85 30 9 69 63 6 23 58 8 88 43 29 95 80 99 78 26 73 75 34 50 48 68 37 22 11 39 83 1 70 40 60 36 14 31 27 17 33 38 53 13 45 32 59 97 
15 36 1 31 8 3 63 48 83 16 68 58 11 59 26 2 41 54 89 93 84 90 22 52 50 69 98 82 18 23 20 14 57 30 49 88 72 99 19 17 38 33 55 92 44 100 40 43 29 6 27 86 53 47 13 51 87 61 10 97 76 5 66 45 77 67 25 65 35 39 60 73 71 80 7 81 24 42 4 79 96 12 62 32 28 37 91 85 75 21 95 56 34 46 9 94 70 74 64 78 
74 46 12 6 52 79 93 35 60 70 8 33 7 72 63 85 53 5 23 50 16 100 36 78 89 64 25 18 80 38 40 99 71 94 55 45 28 66 41 65 51 75 76 58 32 61 17 10 91 82 42 30 95 73 1 84 21 81 98 15 11 68 13 9 86 39 3 87 24 26 90 56 44 19 77 48 14 69 59 57 22 29 92 43 54 49 31 97 27 88 2 34 83 4 96 37 47 67 62 20 
71 50 62 69 5 14 65 89 70 74 39 33 84 13 35 60 75 47 78 22 26 79 11 23 56 9 18 6 42 61 63 80 58 12 55 1 76 99 64 2 41 85 4 82 45 10 77 38 83 15 21 91 40 68 73 43 34 7 88 59 36 25 100 30 92 17 54 24 3 52 37 97 72 19 96 46 29 95 57 98 31 86 8 93 90 94 27 51 81 48 87 16 49 44 66 32 67 28 53 20 
50 78 64 18 34 19 48 72 26 71 11 41 67 40 58 81 1 52 77 89 68 56 95 100 31 74 22 63 62 25 23 82 93 39 65 8 51 38 86 42 69 85 12 47 83 10 35 96 94 33 57 61 2 46 75 80 27 5 91 84 70 44 55 28 9 7 3 45 60 36 30 24 49 88 20 13 76 87 6 54 16 66 79 21 90 99 53 73 37 29 97 92 14 43 15 32 17 4 59 98 
3 29 55 98 65 87 69 51 76 97 30 60 20 72 42 99 47 73 68 70 38 61 21 63 5 39 2 77 78 100 19 35 4 89 48 17 31 88 62 94 84 93 96 44 90 83 81 92 6 33 79 53 22 11 54 23 1 71 36 40 57 86 45 82 8 85 59 34 28 56 14 64 24 67 80 27 41 52 10 95 7 18 26 13 66 9 49 58 25 15 75 46 74 12 37 16 32 50 43 91 
88 85 33 83 32 34 97 48 51 84 56 80 4 37 3 67 7 93 76 65 13 89 69 20 19 77 18 78 38 59 14 75 58 96 52 22 43 46 16 30 63 17 70 82 49 29 66 53 86 44 15 35 47 62 90 50 100 64 71 91 27 74 5 98 42 95 26 55 12 10 24 81 36 54 9 31 45 6 60 87 92 40 99 11 21 41 68 94 2 39 1 28 61 79 25 72 23 73 8 57 
65 52 53 80 43 11 70 28 77 27 18 22 92 97 2 36 3 29 84 76 16 82 96 58 78 74 38 15 83 85 1 21 66 69 39 59 14 87 47 35 31 23 7 57 72 4 71 75 50 90 95 64 46 61 86 51 33 67 55 9 19 37 41 32 94 88 100 25 68 73 98 79 17 20 54 62 13 40 24 8 26 45 12 93 89 49 63 34 42 10 5 6 30 91 48 81 60 99 56 44 
93 38 25 53 18 41 11 96 92 74 4 35 24 91 43 85 67 69 15 27 86 48 42 59 95 58 87 37 14 94 75 62 50 52 63 97 45 20 16 46 76 78 65 60 23 77 56 29 47 98 1 26 10 61 49 44 30 81 33 22 88 99 31 82 12 79 39 57 3 5 6 7 13 36 70 80 8 64 19 40 21 2 83 51 73 72 9 84 28 90 32 34 100 55 89 71 68 66 17 54 
40 3 11 33 90 83 75 60 97 53 81 8 82 70 31 28 63 64 58 12 98 84 35 86 88 22 99 74 49 48 79 6 87 69 61 5 77 78 19 59 94 16 7 10 2 91 62 15 80 65 27 54 32 14 76 89 39 100 57 37 21 45 92 17 42 23 67 50 44 1 95 71 36 72 85 13 25 4 24 55 46 38 9 20 96 68 26 93 29 73 41 51 66 30 34 56 18 52 43 47 
82 12 15 94 24 81 3 34 20 88 37 47 8 26 7 5 69 2 68 28 38 19 35 63 55 49 95 97 91 83 16 29 23 62 30 48 70 100 89 90 53 51 92 65 50 4 54 59 61 25 78 22 1 36 9 32 44 11 71 45 56 31 10 21 41 13 73 98 33 77 66 43 46 39 60 6 52 67 84 87 14 93 74 79 64 80 58 42 96 18 72 27 57 75 99 85 17 40 86 76 
99 38 4 5 96 15 81 42 18 88 56 72 55 11 30 28 49 44 37 75 34 66 12 2 51 48 57 83 3 64 32 26 33 54 35 97 87 22 13 70 76 9 17 20 86 10 1 95 77 52 24 98 84 93 73 69 65 47 25 80 41 46 50 23 31 67 53 27 63 6 82 8 59 91 74 39 100 71 29 58 43 21 45 36 79 85 62 78 94 61 90 14 89 40 19 92 16 7 68 60 
67 74 33 45 30 87 86 90 63 100 77 52 65 99 98 16 75 60 25 23 83 55 61 10 66 88 21 17 31 15 58 69 91 38 3 4 72 78 8 27 14 7 56 94 62 71 43 20 57 97 1 96 81 92 59 41 6 42 36 18 9 68 48 22 85 12 47 28 49 64 46 89 54 32 2 39 11 34 70 13 50 73 29 44 37 95 80 79 93 82 84 53 40 26 76 51 24 35 5 19 
35 77 88 63 98 38 44 65 50 47 59 37 22 39 85 61 29 54 25 84 16 2 73 41 32 90 6 10 68 31 67 89 96 17 5 21 49 79 36 18 74 15 23 78 3 45 58 30 87 7 48 43 34 57 95 71 72 56 93 52 86 28 75 82 8 55 76 4 62 20 24 27 40 19 12 99 42 51 81 94 64 80 9 97 69 1 100 46 13 33 70 92 91 11 53 66 60 83 14 26 
65 15 20 46 2 30 45 32 75 6 84 16 7 1 71 99 5 97 41 55 88 73 18 90 43 63 47 59 76 92 31 74 86 60 25 29 49 3 69 22 35 78 93 61 12 94 50 83 36 42 48 62 79 95 17 26 87 98 40 58 56 4 8 96 27 13 70 24 39 9 89 52 19 51 28 85 72 66 81 54 34 38 10 82 37 44 11 64 67 91 80 21 23 57 33 53 77 14 100 68 
81 69 39 27 97 40 26 78 36 8 56 32 17 1 42 37 79 67 48 86 5 96 38 58 73 10 18 75 55 16 53 9 49 19 100 22 57 47 12 11 51 93 98 46 15 91 95 66 70 90 74 25 34 68 28 30 92 41 4 24 33 60 63 88 3 13 99 50 44 29 54 61 72 43 89 80 31 6 87 35 85 7 23 77 82 21 2 20 65 71 94 62 76 59 64 84 52 83 45 14 
3 24 80 62 67 22 13 30 83 65 28 96 18 36 52 95 97 64 40 89 61 71 46 74 33 38 1 31 45 75 56 73 19 32 99 25 76 2 48 21 20 63 51 85 43 59 34 17 47 7 60 84 8 15 81 94 66 41 10 58 11 70 77 35 78 12 23 91 27 88 86 6 55 39 79 87 69 44 29 16 53 54 42 93 14 82 57 68 90 37 100 4 72 9 50 26 49 92 5 98 
87 25 17 20 68 83 3 96 33 75 21 94 27 99 45 52 81 89 23 44 9 50 8 60 90 91 47 97 1 88 61 69 18 22 4 40 82 80 95 100 92 7 74 39 29 63 58 51 10 24 48 59 84 2 64 34 15 57 12 19 54 42 62 46 53 93 37 30 70 56 14 5 65 43 11 72 28 76 73 49 16 85 31 86 98 38 26 67 77 79 6 13 55 78 71 32 35 36 41 66 
