50 100
25 46 22 18 36 10 21 23 3 38 35 14 26 45 9 5 30 32 29 8 6 40 41 37 49 15 12 28 19 47 34 42 24 2 20 11 50 7 48 39 44 13 16 4 31 17 43 33 1 27 
14 44 8 12 41 32 16 48 25 22 39 21 36 29 24 27 11 38 20 19 3 4 9 49 37 50 6 1 42 46 35 33 43 45 2 40 31 47 18 5 23 26 15 34 13 7 10 30 17 28 
21 23 47 43 28 42 27 35 8 5 19 46 24 12 33 6 16 39 34 31 3 41 9 32 25 14 2 49 29 50 11 22 36 44 10 30 45 38 26 20 15 37 4 17 1 48 40 13 18 7 
48 12 27 25 46 42 36 17 29 45 15 11 26 33 41 13 4 16 40 23 31 6 34 9 30 22 44 32 18 2 37 7 8 5 43 21 19 50 10 14 20 28 3 24 39 38 1 49 35 47 
23 26 33 37 19 31 15 6 12 42 14 16 3 43 44 2 40 4 8 49 22 47 35 9 5 39 11 50 32 7 29 13 46 18 10 41 1 27 36 30 45 25 38 28 20 34 21 48 24 17 
50 6 21 30 20 41 12 26 16 39 48 43 24 40 8 25 38 19 27 17 29 42 35 28 18 32 31 44 10 4 5 13 1 2 22 45 3 11 9 34 7 37 36 14 46 33 15 49 23 47 
1 38 39 24 43 3 23 11 18 49 21 2 6 45 31 28 7 40 47 30 29 5 35 22 15 36 17 8 20 34 41 50 32 37 9 33 46 4 42 14 25 26 13 16 19 10 44 27 48 12 
1 46 30 37 20 47 32 8 26 25 4 42 29 15 41 16 39 13 23 33 5 19 6 27 35 50 49 48 10 45 11 21 9 17 22 43 36 40 31 3 24 38 2 18 14 7 28 12 34 44 
36 8 11 9 12 18 50 29 4 15 42 27 34 5 24 25 30 33 14 35 31 39 48 41 45 38 47 6 13 37 1 32 16 7 2 10 49 40 46 21 20 3 23 43 44 22 19 28 17 26 
31 22 6 40 15 38 24 20 43 39 26 19 44 33 35 9 14 36 1 41 42 50 10 18 37 45 8 29 23 7 2 3 48 32 5 12 34 11 21 49 27 46 47 16 25 4 13 17 28 30 
30 32 3 8 24 43 5 44 16 9 12 36 48 17 22 46 7 33 37 4 18 34 49 14 50 21 31 15 29 45 40 2 13 41 25 20 23 19 11 38 28 42 39 26 27 1 35 6 10 47 
47 30 49 44 36 14 27 32 40 37 48 1 18 7 13 22 9 12 8 20 24 19 31 5 42 4 26 33 16 28 6 43 38 11 2 15 50 3 41 29 10 34 39 35 46 45 17 25 21 23 
24 13 47 17 8 6 16 38 45 34 50 49 46 23 15 37 12 7 30 1 43 26 9 36 10 29 48 18 28 19 35 42 31 33 5 44 41 21 40 14 3 25 39 2 27 4 11 22 32 20 
43 27 36 44 5 3 13 16 9 11 15 47 40 45 8 30 2 24 46 12 38 18 22 21 7 35 32 50 37 6 17 29 33 41 20 25 31 49 14 4 48 23 10 39 34 19 26 28 1 42 
11 5 18 40 48 34 50 46 47 6 17 10 44 14 37 20 25 33 15 26 7 13 43 41 12 19 16 3 49 2 27 9 42 21 35 39 8 29 22 38 30 24 23 31 28 45 36 4 1 32 
23 47 4 16 13 35 28 14 39 7 45 29 24 9 21 42 10 50 1 2 22 33 37 32 8 34 18 38 26 41 6 25 43 20 31 40 48 44 12 17 15 30 36 49 46 11 5 19 27 3 
4 22 31 46 11 13 1 8 18 5 38 10 24 9 14 20 48 45 17 35 43 39 44 25 50 40 49 21 42 34 36 37 47 15 29 7 12 6 3 26 23 27 33 32 19 30 16 28 41 2 
20 5 34 11 13 22 41 44 24 33 12 40 31 36 37 10 14 25 18 17 49 28 38 48 29 4 23 3 30 19 43 50 47 9 1 35 2 21 46 39 7 45 15 42 8 6 32 27 26 16 
17 31 23 20 34 45 37 11 14 8 24 10 47 35 27 12 32 46 33 40 1 21 15 30 13 22 25 41 36 43 28 7 2 19 9 6 3 26 38 39 42 48 5 44 50 29 18 4 49 16 
31 40 10 12 9 15 46 20 49 34 29 8 22 16 33 24 43 28 19 36 38 44 3 30 11 21 37 32 6 1 27 26 18 7 17 25 47 50 35 42 2 4 14 13 23 39 5 41 45 48 
33 41 22 11 6 14 23 7 9 36 40 46 16 18 45 17 32 4 43 42 1 15 50 49 12 38 47 2 10 24 8 34 3 26 31 21 5 39 19 27 25 30 48 35 37 29 13 20 44 28 
41 50 6 44 35 9 19 34 22 40 36 48 47 11 43 10 23 28 39 27 21 16 2 5 38 31 49 29 3 8 33 17 7 24 18 15 13 4 12 20 1 42 30 26 45 14 37 25 46 32 
21 7 20 40 23 16 42 34 15 24 29 2 32 46 48 28 41 10 9 13 14 27 47 39 43 38 3 36 45 25 18 30 6 35 37 1 31 17 22 49 4 44 50 19 5 8 12 33 11 26 
36 48 6 18 22 33 1 20 47 31 37 27 2 15 8 29 50 4 49 5 19 26 23 17 3 21 12 43 35 10 34 44 46 9 38 30 42 14 16 11 24 39 45 41 25 40 13 28 32 7 
9 48 35 4 42 1 31 15 11 49 47 34 22 18 45 20 8 39 33 27 50 43 44 2 40 16 29 12 25 36 28 7 23 6 13 17 38 3 21 32 24 10 37 5 19 46 41 14 30 26 
9 29 41 33 3 25 4 11 12 5 26 49 19 16 8 32 50 42 37 23 48 38 36 14 2 20 44 43 30 7 24 28 40 31 39 1 45 10 22 47 13 34 18 35 15 21 6 17 46 27 
26 42 18 32 40 47 45 38 48 41 25 17 3 46 35 30 20 37 21 49 31 1 6 12 19 43 44 27 13 29 34 15 28 23 2 4 10 7 11 8 36 5 33 16 24 39 14 22 50 9 
41 4 33 18 38 28 13 50 34 14 45 2 20 12 10 30 29 49 27 42 7 17 48 16 15 37 24 6 9 43 35 31 39 40 22 36 44 21 25 19 46 3 5 1 47 8 26 32 11 23 
35 25 38 32 30 45 43 44 26 22 14 34 33 2 16 31 4 28 41 49 3 1 29 46 21 5 37 12 18 36 40 17 24 19 20 42 9 23 27 8 11 48 15 6 47 50 39 10 7 13 
48 44 37 18 43 32 21 20 5 12 28 6 50 26 8 39 36 38 22 19 47 35 46 49 15 13 31 24 25 9 27 4 34 10 7 17 30 29 33 3 40 16 41 1 45 23 2 14 42 11 
41 26 43 10 8 37 5 49 1 14 27 23 29 22 45 47 38 6 13 44 39 33 21 17 3 48 30 34 42 18 16 9 25 46 7 24 4 15 31 36 50 12 32 35 40 20 19 28 2 11 
48 26 35 24 40 29 21 46 10 16 4 38 31 41 5 30 13 23 7 45 8 19 1 39 27 36 25 12 43 20 22 37 15 28 42 50 18 49 17 2 32 34 6 14 44 33 3 9 47 11 
3 40 4 16 20 35 8 25 11 49 19 7 23 6 50 46 13 31 34 2 22 37 32 18 5 30 33 10 26 17 47 45 24 48 14 1 21 28 29 12 27 42 39 36 38 15 9 43 41 44 
12 26 34 5 28 30 38 46 44 32 8 45 4 25 37 23 18 9 16 40 10 43 15 31 35 39 36 11 2 50 48 14 19 20 33 13 24 27 7 22 29 47 6 49 17 3 41 21 1 42 
42 17 32 31 35 25 18 9 34 14 29 5 48 12 20 40 43 38 24 22 26 16 10 49 3 41 2 4 6 1 45 33 27 23 44 47 39 19 37 8 30 36 13 21 11 46 7 28 50 15 
27 40 33 41 13 5 14 44 12 45 11 42 43 1 32 18 36 46 2 3 38 7 29 30 20 10 22 16 50 17 4 47 31 19 37 35 8 25 23 9 34 28 39 24 49 21 48 15 26 6 
15 35 9 19 4 2 44 3 7 18 45 17 38 42 37 43 28 6 14 26 22 21 29 41 34 1 40 36 10 8 12 30 13 20 23 31 39 32 25 47 16 48 27 46 24 33 49 50 11 5 
7 32 12 19 15 43 23 14 33 30 48 35 42 21 20 3 5 13 22 47 28 1 37 18 41 46 38 9 25 17 34 29 27 4 40 10 36 16 50 26 8 31 6 44 45 11 49 2 39 24 
48 36 44 8 25 47 43 11 20 6 17 14 4 33 2 26 15 22 1 38 28 27 13 40 32 3 29 46 30 24 9 19 10 16 34 23 21 45 39 50 41 37 35 5 49 7 18 12 31 42 
44 18 41 50 29 8 1 4 30 5 14 19 49 36 42 23 21 2 33 10 38 12 28 15 9 22 35 11 31 34 47 43 26 24 13 48 32 45 25 16 7 3 17 46 6 40 20 37 27 39 
50 44 28 26 35 9 48 33 37 17 11 41 4 14 15 3 42 46 8 49 39 18 40 34 27 30 2 29 7 10 24 19 22 43 13 32 5 36 6 38 45 21 23 47 31 16 12 1 25 20 
38 3 18 43 6 4 42 10 35 15 41 5 44 17 30 50 37 36 19 22 24 34 8 26 13 39 9 11 32 45 28 31 40 7 27 1 23 20 14 46 21 12 47 2 25 48 49 29 33 16 
25 9 5 1 2 44 35 43 15 33 21 23 7 22 12 31 10 4 17 13 18 36 37 8 20 41 26 38 30 40 50 34 42 46 28 45 19 6 39 3 49 16 14 24 27 29 32 11 47 48 
16 5 20 41 28 26 42 7 10 22 2 9 44 18 12 48 17 23 43 15 24 37 32 36 39 45 29 40 38 14 21 19 35 3 49 33 4 1 47 13 30 46 31 27 50 25 6 8 11 34 
20 18 49 14 46 25 29 4 32 37 23 24 42 19 40 13 33 43 36 10 50 44 7 30 5 26 1 15 41 35 28 2 16 48 38 6 17 11 27 34 3 22 47 8 31 45 21 12 9 39 
21 33 28 45 40 31 43 26 16 34 27 11 44 32 25 30 8 5 2 36 42 4 41 15 9 3 37 49 6 19 12 29 20 50 24 46 10 22 39 38 35 7 23 17 47 1 18 13 48 14 
45 37 39 17 18 4 35 12 26 9 5 6 8 38 30 1 47 14 7 48 46 28 2 23 36 25 50 3 15 34 41 29 24 42 20 21 49 40 27 10 32 31 43 19 44 13 11 22 16 33 
37 34 31 23 2 1 13 43 7 26 33 30 20 46 14 24 41 35 5 29 18 8 38 44 47 22 15 28 21 49 42 39 40 19 3 48 25 16 27 10 4 17 11 32 12 6 36 45 50 9 
44 28 11 38 50 30 35 40 32 18 7 15 37 17 36 16 20 29 9 27 12 43 2 3 33 49 39 8 45 21 5 46 23 24 6 19 42 14 41 47 26 10 48 22 1 31 25 13 4 34 
7 47 19 27 39 18 29 41 40 30 12 22 10 25 36 48 33 35 23 42 32 21 24 46 3 45 37 14 6 49 20 34 11 5 15 38 50 28 31 16 8 4 43 13 1 2 9 44 17 26 
39 13 16 31 36 20 6 28 15 46 50 27 18 24 8 17 43 19 38 26 41 45 23 1 2 49 14 34 35 30 10 32 44 40 33 42 22 5 12 3 48 21 9 11 47 37 25 29 4 7 
7 9 39 19 37 35 10 17 2 27 32 20 28 5 22 16 48 41 45 30 33 31 47 15 21 12 40 6 13 4 42 1 43 36 11 14 3 38 24 8 50 29 44 26 49 23 46 18 34 25 
32 34 42 36 48 23 26 28 30 9 10 49 31 38 25 47 16 43 7 44 6 45 14 1 18 5 3 37 39 46 21 12 24 40 27 33 15 19 29 8 20 13 4 11 35 22 2 17 41 50 
38 23 15 42 7 12 16 37 13 40 2 6 10 36 48 24 43 44 26 49 27 41 50 39 21 22 25 35 34 8 11 20 14 17 1 9 28 5 18 46 29 45 3 4 32 19 31 33 30 47 
22 45 14 17 30 38 20 16 3 50 33 46 27 42 5 24 39 2 35 4 32 6 44 15 26 43 12 23 1 29 11 47 40 7 25 34 36 31 18 37 9 21 41 10 8 49 13 28 19 48 
6 16 44 39 46 49 41 26 34 37 15 3 42 27 13 50 45 9 5 7 10 21 11 1 36 28 35 33 24 18 38 25 31 20 4 2 8 29 32 48 43 12 17 22 23 19 47 40 14 30 
3 20 44 45 32 36 14 43 11 30 18 28 15 22 29 9 19 26 25 6 17 48 2 49 7 13 37 21 42 50 5 40 10 4 39 23 38 8 24 33 35 46 12 47 1 31 34 41 27 16 
23 31 29 46 50 11 26 39 9 13 25 3 28 32 49 21 43 24 33 40 14 10 7 1 38 48 27 18 5 22 42 47 19 45 30 37 12 6 17 35 36 4 16 8 20 41 34 2 44 15 
29 27 3 44 26 24 10 33 34 22 13 48 45 21 8 28 2 35 42 14 40 43 39 46 47 20 17 1 32 15 18 5 16 31 4 9 7 37 38 19 25 50 23 6 36 41 11 30 12 49 
16 13 49 47 1 32 33 22 30 43 50 26 45 15 28 41 25 5 21 2 17 9 34 7 46 14 36 35 3 8 10 4 23 27 20 29 11 37 31 24 18 39 44 42 12 19 40 6 48 38 
38 27 48 8 33 4 41 15 11 29 21 1 10 20 28 26 24 37 2 18 31 5 13 34 43 25 23 45 50 46 7 3 12 14 47 39 49 9 19 22 16 17 42 40 36 30 44 35 6 32 
49 15 18 38 4 25 17 29 45 35 30 9 20 33 36 39 26 21 46 11 2 1 10 13 23 28 42 41 7 14 32 48 44 5 37 27 50 6 40 22 31 24 3 47 34 8 43 12 19 16 
41 26 45 42 19 46 9 35 6 44 24 31 2 49 5 10 7 48 47 18 39 3 34 11 17 13 50 32 22 25 4 15 16 14 1 27 29 20 38 43 8 28 36 40 21 37 30 33 12 23 
23 9 45 37 27 26 19 14 41 15 46 8 38 34 48 7 2 30 22 3 21 1 4 39 17 25 28 44 12 10 31 11 20 42 43 36 16 40 35 18 13 47 50 5 6 49 33 24 29 32 
7 30 34 12 47 27 23 10 44 8 31 50 18 40 43 20 33 39 25 9 36 11 41 17 2 48 3 6 4 38 37 15 14 46 13 16 29 22 28 32 1 5 45 42 24 35 19 21 49 26 
13 9 29 12 3 47 2 43 20 23 31 7 28 1 24 37 38 50 14 26 5 45 19 41 17 35 16 44 49 39 15 8 21 33 4 10 27 36 6 18 22 40 32 30 42 34 11 46 48 25 
1 38 14 43 20 10 23 2 36 33 34 40 42 32 11 13 50 5 8 47 15 12 25 24 49 16 48 27 19 17 22 18 26 39 4 41 31 29 3 35 46 6 28 37 45 9 7 21 30 44 
12 8 33 27 14 50 7 22 15 37 28 4 3 24 48 10 11 41 9 23 29 16 17 25 21 26 6 43 20 39 46 13 47 32 44 31 1 45 42 36 49 40 38 2 35 30 19 5 34 18 
50 13 10 41 31 14 44 42 6 23 20 30 15 5 12 33 26 37 46 27 7 34 25 22 3 8 39 35 9 43 45 16 1 24 36 4 38 19 49 17 11 40 48 18 28 47 32 21 29 2 
15 23 13 40 18 41 20 33 12 4 38 14 16 43 2 47 31 27 21 37 44 46 28 32 42 6 25 1 19 45 39 5 50 34 49 30 7 9 3 10 8 26 22 17 35 36 48 11 24 29 
43 15 40 30 16 38 31 17 14 13 26 20 48 6 7 18 32 33 2 12 45 44 29 49 24 41 39 19 47 21 50 35 27 3 23 42 4 37 36 25 46 11 28 10 8 1 5 9 22 34 
35 16 15 38 40 18 49 43 30 24 12 23 2 1 34 13 3 19 14 42 4 31 6 32 26 45 44 36 27 39 8 37 9 11 7 48 20 28 5 17 47 46 50 41 33 21 22 29 10 25 
25 40 34 26 9 8 32 22 15 6 42 46 37 31 13 17 48 45 50 20 43 7 3 10 41 16 35 23 2 24 33 36 39 11 44 30 21 12 14 19 18 5 4 27 49 1 47 28 38 29 
48 19 12 37 10 32 47 14 36 17 7 28 49 6 5 40 26 35 1 50 43 4 23 29 33 41 44 45 15 24 46 16 13 8 3 11 27 20 9 39 18 34 21 31 25 30 2 38 22 42 
19 21 29 45 37 31 33 22 46 25 28 7 12 15 13 3 43 26 42 27 23 47 2 24 4 38 35 18 30 5 1 6 34 39 14 32 44 49 9 36 20 48 17 10 8 11 50 41 40 16 
4 18 37 20 16 40 11 49 17 6 3 33 46 23 14 45 28 39 32 35 30 21 22 43 8 7 44 13 47 19 36 5 15 34 26 27 25 24 42 29 38 31 41 10 1 2 48 9 50 12 
42 43 4 38 17 26 27 28 11 45 21 1 23 44 7 15 10 41 46 32 18 33 5 35 3 24 29 36 50 40 13 19 34 37 20 6 25 39 9 22 2 49 48 14 16 8 47 30 31 12 
13 32 46 11 37 29 5 3 48 34 1 14 36 20 6 19 23 45 35 15 7 28 4 16 17 18 39 21 12 50 8 31 47 38 43 40 26 25 22 27 2 42 41 9 10 44 30 49 24 33 
7 44 28 25 36 50 12 39 47 41 37 17 2 34 29 5 31 46 8 16 40 48 9 42 23 22 33 45 3 1 21 26 15 18 27 4 49 43 10 30 6 24 20 19 11 35 13 14 38 32 
44 2 9 15 4 6 17 28 42 49 16 8 7 48 50 37 11 26 23 5 35 24 32 40 20 39 38 31 14 22 3 30 41 10 43 13 45 27 1 18 29 33 34 21 36 25 19 47 12 46 
3 39 6 44 23 34 41 2 47 17 42 14 19 27 10 38 50 20 21 31 26 15 22 29 49 13 46 36 8 11 45 12 16 1 40 43 25 7 37 24 35 5 4 32 9 48 28 18 33 30 
47 15 14 8 3 46 28 19 9 16 36 35 17 33 1 7 26 20 22 45 25 44 42 40 38 37 49 34 6 13 18 23 41 31 32 24 12 11 4 39 2 30 50 29 48 21 10 43 27 5 
37 34 6 48 10 27 30 11 35 1 21 32 33 24 44 49 18 40 14 41 23 8 20 43 22 25 45 31 7 12 9 26 28 46 50 42 2 17 15 3 4 13 5 29 19 38 47 16 39 36 
44 1 22 40 43 35 50 9 10 33 25 14 28 12 37 47 13 39 31 18 46 16 17 26 6 3 7 36 8 5 2 4 24 48 49 29 23 45 30 27 20 42 21 41 38 34 32 11 15 19 
29 13 31 45 4 21 32 26 30 44 38 24 9 50 7 40 3 22 17 49 11 6 5 20 43 47 14 46 12 19 16 23 1 41 42 8 48 34 33 18 25 27 28 37 39 35 2 15 10 36 
20 36 40 50 33 46 6 2 39 11 29 19 48 16 45 32 43 7 5 21 44 23 10 27 34 41 4 14 25 13 8 24 42 28 1 22 35 15 47 9 12 38 31 18 30 49 37 3 17 26 
18 7 49 30 6 5 3 48 2 15 41 42 20 44 25 43 38 32 45 23 50 33 39 14 8 35 13 1 29 37 12 22 31 24 17 46 4 26 27 10 36 28 16 34 21 40 19 47 9 11 
4 40 33 28 47 34 21 12 25 39 22 11 26 31 30 10 18 14 46 23 38 8 20 24 6 35 16 36 3 17 48 49 32 15 43 42 29 7 37 41 13 45 1 27 5 50 44 9 2 19 
33 5 9 27 25 37 2 18 15 50 35 19 10 49 1 21 34 12 6 3 40 28 43 48 23 16 14 17 20 8 29 24 13 47 38 26 36 7 39 22 11 45 42 32 4 31 46 44 41 30 
22 2 37 1 49 32 43 9 7 30 42 14 17 19 24 48 28 13 23 34 25 8 33 40 20 36 12 45 39 15 26 4 35 3 27 50 41 5 10 31 6 21 44 29 46 11 16 38 47 18 
29 27 40 4 23 48 44 35 24 21 17 37 49 45 16 20 11 34 14 33 6 30 42 38 39 25 12 9 43 26 7 28 31 32 13 1 5 50 46 8 36 3 18 22 2 10 15 41 47 19 
39 24 41 28 8 50 21 19 37 7 20 33 26 43 5 15 6 32 18 17 34 27 48 44 13 30 1 12 11 38 47 25 9 29 10 23 42 3 36 49 22 2 14 45 40 31 35 4 16 46 
14 30 15 32 1 3 47 49 38 13 25 31 50 12 23 45 18 5 43 4 7 40 41 9 46 16 19 21 33 26 6 29 35 44 39 37 10 28 11 20 36 48 24 27 42 34 2 22 17 8 
5 39 30 42 3 6 29 40 17 41 21 36 20 25 50 47 9 7 32 8 37 1 31 15 48 44 19 11 10 24 14 22 23 27 26 43 13 28 45 49 2 46 18 35 33 38 16 34 4 12 
6 2 35 30 15 41 48 26 44 4 37 42 39 23 22 43 47 9 33 24 29 31 18 40 13 28 38 21 7 17 46 27 10 45 12 3 25 11 1 32 8 49 20 34 5 16 19 14 50 36 
38 2 43 33 27 12 28 36 32 47 24 31 25 3 9 44 30 41 23 39 8 4 11 49 6 20 26 42 29 34 10 22 5 45 40 13 18 16 37 15 48 17 50 19 7 14 21 1 46 35 
47 16 37 21 49 27 6 7 32 44 9 25 17 36 24 12 3 41 2 30 19 15 22 46 4 13 29 28 33 38 40 1 43 26 39 20 50 23 48 5 8 18 11 34 14 31 45 42 35 10 
11 25 34 42 32 26 40 5 13 10 15 27 47 48 29 2 19 17 23 35 1 9 18 4 31 36 21 33 20 6 28 41 50 7 49 46 37 24 14 3 30 45 43 38 44 8 16 39 12 22 
12 41 13 30 19 50 3 20 33 47 46 14 6 45 36 9 17 8 32 29 37 28 24 23 43 11 21 31 35 38 7 34 25 40 48 22 5 4 2 49 26 1 39 10 15 16 18 42 27 44 
48 37 35 49 43 50 18 29 19 16 44 40 32 27 15 14 30 13 28 25 31 24 23 36 33 9 6 12 39 46 10 11 26 47 5 20 3 4 22 41 42 45 38 8 17 21 7 1 2 34 
