15 100
9 5 3 8 6 13 14 12 7 4 10 1 2 15 11 
6 2 13 4 9 7 1 14 8 11 3 12 10 15 5 
6 9 15 13 10 8 7 5 4 12 11 2 3 14 1 
15 8 14 13 2 5 3 9 6 4 1 11 12 10 7 
12 8 13 3 5 15 7 14 6 4 10 11 1 9 2 
5 6 11 14 8 9 13 10 1 12 15 3 7 4 2 
8 12 6 14 1 10 4 2 13 7 3 11 9 15 5 
7 14 3 2 1 15 6 4 13 10 12 11 9 8 5 
3 11 13 12 6 9 4 7 1 10 8 2 5 15 14 
12 10 13 3 2 6 11 1 8 7 9 5 15 4 14 
8 3 10 15 5 14 6 4 9 2 12 11 1 7 13 
2 6 15 13 7 1 11 10 4 14 9 8 3 12 5 
8 3 1 7 5 12 13 11 2 6 4 14 10 15 9 
1 10 4 12 11 13 9 3 15 8 2 7 14 5 6 
12 14 13 10 9 6 4 3 1 8 5 2 7 15 11 
1 14 3 9 12 6 4 10 15 7 13 8 11 2 5 
7 9 5 3 13 2 11 8 6 1 4 10 15 12 14 
14 15 1 12 5 3 10 9 2 13 4 6 11 7 8 
11 6 5 9 1 8 2 10 4 7 14 12 3 15 13 
6 3 2 12 11 1 13 8 15 10 9 4 14 7 5 
4 6 14 8 7 11 15 3 13 12 5 1 9 2 10 
13 4 15 14 11 12 3 6 7 2 1 10 9 8 5 
11 7 4 8 3 6 13 1 12 2 14 15 5 9 10 
10 11 5 15 1 9 14 7 2 13 12 3 8 4 6 
3 15 2 10 4 9 8 13 6 5 12 14 11 1 7 
12 10 15 6 3 2 7 11 14 4 1 9 8 5 13 
5 1 2 3 15 4 9 14 10 7 11 12 8 13 6 
5 14 8 15 10 13 12 2 1 4 9 11 6 7 3 
4 1 7 11 12 13 5 15 2 6 14 10 8 9 3 
7 9 3 10 12 13 11 6 1 15 8 4 14 2 5 
12 13 9 7 8 4 5 3 15 11 2 1 10 14 6 
1 13 15 4 6 8 12 9 7 2 11 5 10 3 14 
13 4 15 1 12 5 8 3 9 6 10 2 7 14 11 
6 5 13 3 1 14 11 4 12 15 2 7 10 9 8 
6 3 10 7 14 5 11 12 8 13 1 2 9 15 4 
1 10 9 12 14 15 7 4 11 2 5 3 6 13 8 
15 2 4 11 14 3 9 7 8 12 10 5 1 6 13 
13 11 15 10 7 4 6 5 14 2 12 8 9 1 3 
9 3 11 14 13 2 7 1 8 6 12 5 4 10 15 
3 5 1 10 11 14 8 15 13 4 9 2 6 12 7 
12 4 10 6 5 9 13 2 11 15 8 14 3 1 7 
1 9 2 5 12 14 15 8 3 11 7 10 6 4 13 
3 6 8 12 1 10 13 5 7 14 2 9 4 15 11 
13 3 12 8 1 11 5 15 14 7 9 2 6 4 10 
14 7 6 9 15 2 13 4 3 5 8 1 12 11 10 
9 6 2 14 8 5 12 11 1 15 13 3 4 10 7 
14 12 4 11 10 8 5 7 6 15 9 1 3 2 13 
3 10 9 1 7 8 6 14 11 4 13 5 15 12 2 
3 10 9 5 2 6 12 13 1 8 14 11 7 4 15 
11 15 13 8 9 3 2 7 6 4 10 14 1 5 12 
2 15 11 5 6 7 9 8 1 12 13 14 3 4 10 
1 6 9 12 3 14 8 13 11 5 10 15 2 4 7 
14 2 12 15 9 3 11 8 1 10 7 6 4 13 5 
3 13 7 11 12 8 14 10 2 6 15 9 4 1 5 
11 15 10 6 7 4 5 8 14 9 3 2 13 1 12 
9 14 12 2 3 6 11 8 7 5 1 13 10 15 4 
7 15 1 14 8 6 9 3 12 2 11 5 4 13 10 
4 14 3 6 8 2 10 5 13 9 11 12 1 7 15 
5 2 3 7 1 11 10 9 4 6 12 8 14 13 15 
13 1 14 3 12 2 6 7 10 8 15 11 4 5 9 
12 7 6 11 5 13 15 14 9 1 3 2 4 8 10 
15 7 10 13 5 1 4 14 2 9 12 6 11 3 8 
4 6 2 15 13 1 14 9 3 12 8 7 10 5 11 
1 9 14 8 12 3 11 4 2 5 6 7 10 13 15 
15 1 12 4 10 3 9 6 7 8 5 11 13 14 2 
2 15 10 13 14 3 6 4 12 9 11 1 8 5 7 
10 13 14 11 3 12 2 9 1 4 8 15 5 7 6 
12 10 8 14 3 1 9 6 4 5 11 15 2 7 13 
3 1 15 12 5 14 11 10 8 6 4 13 7 2 9 
8 5 10 2 7 9 15 6 3 12 1 4 11 14 13 
13 5 4 14 7 10 15 1 2 8 3 9 6 12 11 
9 7 10 15 13 14 8 12 2 3 1 6 11 5 4 
9 12 4 2 3 11 13 8 7 5 15 6 1 10 14 
3 9 13 8 10 11 1 2 15 7 12 6 5 4 14 
1 2 8 14 13 11 7 5 15 3 4 12 9 6 10 
6 15 12 13 7 2 8 5 1 9 11 3 10 14 4 
11 9 8 6 15 10 1 2 3 14 13 12 5 4 7 
9 8 1 3 4 7 2 15 10 11 5 12 6 13 14 
12 9 1 14 15 6 13 2 11 8 7 3 10 5 4 
9 14 6 3 8 5 12 7 13 11 2 15 1 4 10 
13 3 2 12 7 8 1 5 9 14 15 6 4 10 11 
9 1 2 8 13 3 14 5 12 4 15 11 10 6 7 
7 1 6 4 5 15 3 9 13 11 12 2 8 14 10 
7 9 4 11 5 8 14 15 6 13 10 1 2 3 12 
8 7 12 14 11 15 13 10 5 9 1 3 6 4 2 
15 12 6 11 14 9 13 2 1 8 7 5 10 4 3 
15 5 8 1 10 12 7 13 4 2 11 6 3 9 14 
3 11 5 1 12 6 10 4 9 7 15 2 14 8 13 
4 3 9 11 5 8 2 6 12 10 13 14 15 7 1 
11 4 2 15 7 8 1 3 10 5 14 9 13 6 12 
12 5 10 3 14 13 1 2 11 8 4 9 6 7 15 
8 15 12 1 10 6 9 14 3 13 4 5 7 11 2 
12 9 10 13 2 6 7 5 14 3 11 4 8 15 1 
4 6 8 13 5 1 14 11 3 2 7 12 15 10 9 
15 10 7 1 5 2 12 11 14 6 13 8 9 3 4 
8 5 1 15 3 2 4 14 12 7 9 10 11 6 13 
12 14 2 13 1 9 4 8 7 6 11 3 10 5 15 
13 15 3 12 11 14 10 8 2 6 7 1 5 9 4 
5 8 4 6 3 15 12 1 13 9 7 10 11 2 14 
14 4 3 7 12 15 5 11 10 2 1 8 6 9 13 
